253.720133
262.762500
276.276000
310.009700
390.356633
406.372633
421.120700
435.735300
478.611467
491.424267
533.299433
556.088867
566.432533
579.478900
588.487900
599.765833
626.592633
646.479167
657.590267
668.501167
704.336967
727.993933
733.566167
737.737000
780.679900
792.725267
810.476333
827.860367
830.062567
860.426233
867.733533
884.183300
894.727167
898.330767
911.410500
930.996733
954.954000
959.425133
974.640333
1011.010000
1016.515500
1025.591233
1043.375667
1069.268200
1091.023267
1126.291833
1135.968167
1184.883700
1205.571033
1220.152267
1226.258367
1246.011433
1273.538933
1283.448833
1289.855233
1310.542567
1328.260267
1368.533833
1384.583200
1453.852400
1462.794667
1478.143333
1492.290800
1546.011133
1554.486267
1563.795567
1566.798567
1579.377800
1592.791200
1650.749100
1683.314967
1728.326600
1745.777367
1756.821733
1761.726633
1789.020567
1795.026567
1824.222400
1834.232400
1847.145300
1857.188667
1882.313767
1888.586700
1905.470233
1916.180933
1946.110833
1953.685067
1968.366400
1975.873900
1982.714067
1987.218567
2021.019000
2025.757067
2055.186467
2069.634233
2081.112367
2087.518767
2093.958533
2103.234467
2121.619500
2127.925800
2137.535400
2144.075267
2201.199000
2206.671133
2249.847600
2257.888967
2315.980333
2323.754767
2364.562200
2383.614567
