36.236200
36.269567
52.352300
58.958900
68.902167
71.838433
423.689933
431.898133
793.993200
817.116300
1458.457000
1471.069600
1475.106967
1491.756933
1599.331067
1607.872933
1703.234867
1714.946567
1877.775900
1896.828267
1939.537600
1976.574600
1987.819167
1992.757433
1995.893900
2010.408400
2021.352667
2025.623600
2034.799433
2043.307933
2048.146100
2052.450400
2067.732333
2072.737333
2075.740333
2080.044633
2085.650233
2114.679233
2224.622400
2239.270367
2286.951333
2306.937967
2405.569833
2411.542467
2417.114700
2446.410633
2542.239700
2554.919033
2566.430533
2592.156233
2659.523533
2681.378700
2760.724633
2781.078300
2934.331400
2968.365400
2979.977000
2986.350033
2988.352033
3002.132467
3063.160100
3078.775700
3087.717967
3097.828067
3221.785233
3243.473567
3262.092167
3271.434833
